[gd_scene load_steps=4 format=3 uid="uid://brfxru1ervwnt"]

[ext_resource type="Script" path="res://Scripts/Soapbox.gd" id="1_181s5"]
[ext_resource type="ArrayMesh" uid="uid://cdj7l4a8v7172" path="res://Models/soapbox.vox" id="2_rflk6"]

[sub_resource type="SphereShape3D" id="SphereShape3D_8qb7t"]

[node name="Soapbox" type="Node3D"]

[node name="RigidBody3D" type="RigidBody3D" parent="."]
script = ExtResource("1_181s5")

[node name="CollisionShape3D" type="CollisionShape3D" parent="RigidBody3D"]
transform = Transform3D(2, 0, 0, 0, 2, 0, 0, 0, 2, 0, 0.457508, -0.0713143)
shape = SubResource("SphereShape3D_8qb7t")

[node name="Camera3D" type="Camera3D" parent="RigidBody3D"]
transform = Transform3D(1, 0, 0, 0, 0.707107, 0.707107, 0, -0.707107, 0.707107, 0, 4, 15)

[node name="Soapbox" type="MeshInstance3D" parent="RigidBody3D"]
transform = Transform3D(-1, 7.54978e-08, -1.30766e-07, 0, 0.866026, 0.499999, 1.50996e-07, 0.499999, -0.866026, 0, 0, 0)
mesh = ExtResource("2_rflk6")
skeleton = NodePath("../..")

[node name="DirectionalLight3D" type="DirectionalLight3D" parent="RigidBody3D"]
transform = Transform3D(1, 0, 0, 0, 0.707107, 0.707107, 0, -0.707107, 0.707107, 0, 2, 6)
